insert breakdown
  count: 346
  latency_ms: mean=163.596 p50=190.252 p95=214.179 p99=222.652
  top_categories:
    gpu_ns: 50478.3 ms (89.1793%)
    rdma_ns: 2969.23 ms (5.24571%)
    cpu_ns: 1671.33 ms (2.95272%)
    transfer_ns: 1484.27 ms (2.62225%)
query breakdown
  count: 346
  latency_ms: mean=9.80485 p50=9.59815 p95=15.4064 p99=17.6685
  top_categories:
    gpu_ns: 1699.59 ms (50.1174%)
    rdma_ns: 944.5 ms (27.8513%)
    transfer_ns: 414.36 ms (12.2186%)
    cpu_ns: 332.772 ms (9.81272%)
