insert breakdown
  count: 339
  latency_ms: mean=176.877 p50=203.901 p95=228.636 p99=239.795
  top_categories:
    gpu_ns: 52292.1 ms (87.2117%)
    rdma_ns: 3550.11 ms (5.92081%)
    cpu_ns: 2083.67 ms (3.4751%)
    transfer_ns: 2034.05 ms (3.39236%)
query breakdown
  count: 5757
  latency_ms: mean=10.4033 p50=10.01 p95=16.7454 p99=20.588
  top_categories:
    gpu_ns: 29022.4 ms (48.4756%)
    rdma_ns: 15811.7 ms (26.41%)
    transfer_ns: 9314.97 ms (15.5587%)
    cpu_ns: 5721.02 ms (9.55573%)
