insert breakdown
  count: 1029
  latency_ms: mean=232.706 p50=254.995 p95=306.116 p99=330.482
  top_categories:
    gpu_ns: 191814 ms (80.1066%)
    rdma_ns: 26835.7 ms (11.2073%)
    cpu_ns: 11440.5 ms (4.77787%)
    transfer_ns: 9358.1 ms (3.9082%)
query breakdown
  count: 9782
  latency_ms: mean=24.5085 p50=23.1322 p95=39.8137 p99=49.8072
  top_categories:
    rdma_ns: 107359 ms (44.8035%)
    gpu_ns: 81419.9 ms (33.9785%)
    transfer_ns: 27557.8 ms (11.5006%)
    cpu_ns: 23284.9 ms (9.71738%)
