insert breakdown
  count: 1647
  latency_ms: mean=290.576 p50=306.231 p95=386.63 p99=439.437
  top_categories:
    gpu_ns: 340981 ms (71.2569%)
    rdma_ns: 98829 ms (20.6529%)
    cpu_ns: 23582.6 ms (4.92821%)
    transfer_ns: 15130.9 ms (3.162%)
query breakdown
  count: 9244
  latency_ms: mean=51.7173 p50=48.4954 p95=82.0935 p99=100.23
  top_categories:
    rdma_ns: 279098 ms (58.4685%)
    gpu_ns: 139922 ms (29.3124%)
    cpu_ns: 33240.9 ms (6.96366%)
    transfer_ns: 25086.4 ms (5.25538%)
