insert breakdown
  count: 1620
  latency_ms: mean=591.5 p50=344.947 p95=477.326 p99=752.707
  top_categories:
    gpu_ns: 336426 ms (69.9563%)
    rdma_ns: 104964 ms (21.8262%)
    cpu_ns: 24548.2 ms (5.10456%)
    transfer_ns: 14970.5 ms (3.11297%)
query breakdown
  count: 10093
  latency_ms: mean=94.8908 p50=50.6614 p95=93.6793 p99=235.738
  top_categories:
    rdma_ns: 283216 ms (59.0203%)
    gpu_ns: 137768 ms (28.7099%)
    cpu_ns: 33625.7 ms (7.00736%)
    transfer_ns: 25252.4 ms (5.26243%)
