insert breakdown
  count: 597
  latency_ms: mean=200.539 p50=229.404 p95=266.58 p99=288.997
  top_categories:
    gpu_ns: 101522 ms (84.8002%)
    rdma_ns: 8354.93 ms (6.97875%)
    cpu_ns: 4976.68 ms (4.15695%)
    transfer_ns: 4865.55 ms (4.06412%)
query breakdown
  count: 8515
  latency_ms: mean=14.0706 p50=13.3298 p95=22.5096 p99=27.3029
  top_categories:
    gpu_ns: 50792.7 ms (42.4047%)
    rdma_ns: 33633.7 ms (28.0794%)
    transfer_ns: 21685.9 ms (18.1046%)
    cpu_ns: 13668.5 ms (11.4113%)
