insert breakdown
  count: 1629
  latency_ms: mean=1182.28 p50=345.534 p95=493.428 p99=60193.8
  top_categories:
    gpu_ns: 339846 ms (70.1205%)
    rdma_ns: 105251 ms (21.7165%)
    cpu_ns: 24556.1 ms (5.06667%)
    transfer_ns: 15006.9 ms (3.09638%)
query breakdown
  count: 8935
  latency_ms: mean=213.89 p50=57.907 p95=101.805 p99=293.919
  top_categories:
    rdma_ns: 285143 ms (59.318%)
    gpu_ns: 137728 ms (28.6515%)
    cpu_ns: 33570.9 ms (6.98371%)
    transfer_ns: 24260.2 ms (5.04683%)
