insert breakdown
  count: 1550
  latency_ms: mean=308.449 p50=319.872 p95=422.927 p99=474.657
  top_categories:
    gpu_ns: 319402 ms (66.817%)
    rdma_ns: 117635 ms (24.6085%)
    cpu_ns: 26589.2 ms (5.5623%)
    transfer_ns: 14399 ms (3.01218%)
query breakdown
  count: 13171
  latency_ms: mean=36.2874 p50=34.0625 p95=59.0615 p99=72.9247
  top_categories:
    rdma_ns: 275750 ms (57.9104%)
    gpu_ns: 131624 ms (27.6425%)
    cpu_ns: 53876.6 ms (11.3146%)
    transfer_ns: 14915.7 ms (3.13244%)
